-472.197103853269 181.987345497197 -158.158141178349
-497.197103853269 181.987345497197 -158.158141178349
-497.197103853269 181.987345497197 -108.158141178349
-472.197103853269 181.987345497197 -108.158141178349
-497.197103853269 181.987345497197 -83.1581411783485
-497.197103853269 181.987345497197 -108.158141178349
-547.197103853269 181.987345497197 -108.158141178349
-547.197103853269 181.987345497197 -83.1581411783485
-572.197103853269 181.987345497197 -108.158141178349
-547.197103853269 181.987345497197 -108.158141178349
-547.197103853269 181.987345497197 -158.158141178349
-572.197103853269 181.987345497197 -158.158141178349
-472.197103853269 231.987345497197 -108.158141178349
-497.197103853269 231.987345497197 -108.158141178349
-497.197103853269 231.987345497197 -158.158141178349
-472.197103853269 231.987345497197 -158.158141178349
-547.197103853269 231.987345497197 -83.1581411783485
-547.197103853269 231.987345497197 -108.158141178349
-497.197103853269 231.987345497197 -108.158141178349
-497.197103853269 231.987345497197 -83.1581411783485
-572.197103853269 231.987345497197 -158.158141178349
-547.197103853269 231.987345497197 -158.158141178349
-547.197103853269 231.987345497197 -108.158141178349
-572.197103853269 231.987345497197 -108.158141178349
-497.197103853269 181.987345497197 -183.158141178349
-497.197103853269 181.987345497197 -158.158141178349
-497.197103853269 231.987345497197 -158.158141178349
-497.197103853269 231.987345497197 -183.158141178349
-547.197103853269 231.987345497197 -183.158141178349
-547.197103853269 231.987345497197 -158.158141178349
-547.197103853269 181.987345497197 -158.158141178349
-547.197103853269 181.987345497197 -183.158141178349
-472.197103853269 231.987345497197 -108.158141178349
-472.197103853269 231.987345497197 -158.158141178349
-472.197103853269 181.987345497197 -158.158141178349
-472.197103853269 181.987345497197 -108.158141178349
-472.197103853269 156.987345497197 -183.158141178349
-472.197103853269 256.987345497197 -183.158141178349
-472.197103853269 256.987345497197 -83.1581411783485
-472.197103853269 156.987345497197 -83.1581411783485
-547.197103853269 256.987345497197 -158.158141178349
-497.197103853269 256.987345497197 -158.158141178349
-497.197103853269 256.987345497197 -108.158141178349
-547.197103853269 256.987345497197 -108.158141178349
-472.197103853269 256.987345497197 -183.158141178349
-572.197103853269 256.987345497197 -183.158141178349
-572.197103853269 256.987345497197 -83.1581411783485
-472.197103853269 256.987345497197 -83.1581411783485
-572.197103853269 181.987345497197 -108.158141178349
-572.197103853269 181.987345497197 -158.158141178349
-572.197103853269 231.987345497197 -158.158141178349
-572.197103853269 231.987345497197 -108.158141178349
-572.197103853269 256.987345497197 -183.158141178349
-572.197103853269 156.987345497197 -183.158141178349
-572.197103853269 156.987345497197 -83.1581411783485
-572.197103853269 256.987345497197 -83.1581411783485
-547.197103853269 156.987345497197 -108.158141178349
-497.197103853269 156.987345497197 -108.158141178349
-497.197103853269 156.987345497197 -158.158141178349
-547.197103853269 156.987345497197 -158.158141178349
-572.197103853269 156.987345497197 -183.158141178349
-472.197103853269 156.987345497197 -183.158141178349
-472.197103853269 156.987345497197 -83.1581411783485
-572.197103853269 156.987345497197 -83.1581411783485
-547.197103853269 231.987345497197 -83.1581411783485
-497.197103853269 231.987345497197 -83.1581411783485
-497.197103853269 181.987345497197 -83.1581411783485
-547.197103853269 181.987345497197 -83.1581411783485
-472.197103853269 156.987345497197 -83.1581411783485
-472.197103853269 256.987345497197 -83.1581411783485
-572.197103853269 256.987345497197 -83.1581411783485
-572.197103853269 156.987345497197 -83.1581411783485
-497.197103853269 181.987345497197 -183.158141178349
-497.197103853269 231.987345497197 -183.158141178349
-547.197103853269 231.987345497197 -183.158141178349
-547.197103853269 181.987345497197 -183.158141178349
-472.197103853269 256.987345497197 -183.158141178349
-472.197103853269 156.987345497197 -183.158141178349
-572.197103853269 156.987345497197 -183.158141178349
-572.197103853269 256.987345497197 -183.158141178349
-497.197103853269 231.987345497197 -83.1581411783485
-497.197103853269 231.987345497197 -108.158141178349
-497.197103853269 181.987345497197 -108.158141178349
-497.197103853269 181.987345497197 -83.1581411783485
-547.197103853269 181.987345497197 -183.158141178349
-547.197103853269 181.987345497197 -158.158141178349
-497.197103853269 181.987345497197 -158.158141178349
-497.197103853269 181.987345497197 -183.158141178349
-547.197103853269 181.987345497197 -83.1581411783485
-547.197103853269 181.987345497197 -108.158141178349
-547.197103853269 231.987345497197 -108.158141178349
-547.197103853269 231.987345497197 -83.1581411783485
-497.197103853269 231.987345497197 -183.158141178349
-497.197103853269 231.987345497197 -158.158141178349
-547.197103853269 231.987345497197 -158.158141178349
-547.197103853269 231.987345497197 -183.158141178349
-547.197103853269 181.987345497197 -108.158141178349
-572.197103853269 181.987345497197 -108.158141178349
-572.197103853269 231.987345497197 -108.158141178349
-547.197103853269 231.987345497197 -108.158141178349
-547.197103853269 231.987345497197 -158.158141178349
-572.197103853269 231.987345497197 -158.158141178349
-572.197103853269 181.987345497197 -158.158141178349
-547.197103853269 181.987345497197 -158.158141178349
-497.197103853269 181.987345497197 -158.158141178349
-472.197103853269 181.987345497197 -158.158141178349
-472.197103853269 231.987345497197 -158.158141178349
-497.197103853269 231.987345497197 -158.158141178349
-497.197103853269 231.987345497197 -108.158141178349
-472.197103853269 231.987345497197 -108.158141178349
-472.197103853269 181.987345497197 -108.158141178349
-497.197103853269 181.987345497197 -108.158141178349
-497.197103853269 231.987345497197 -158.158141178349
-497.197103853269 256.987345497197 -158.158141178349
-547.197103853269 256.987345497197 -158.158141178349
-547.197103853269 231.987345497197 -158.158141178349
-547.197103853269 231.987345497197 -158.158141178349
-547.197103853269 256.987345497197 -158.158141178349
-547.197103853269 256.987345497197 -108.158141178349
-547.197103853269 231.987345497197 -108.158141178349
-547.197103853269 231.987345497197 -108.158141178349
-547.197103853269 256.987345497197 -108.158141178349
-497.197103853269 256.987345497197 -108.158141178349
-497.197103853269 231.987345497197 -108.158141178349
-497.197103853269 231.987345497197 -108.158141178349
-497.197103853269 256.987345497197 -108.158141178349
-497.197103853269 256.987345497197 -158.158141178349
-497.197103853269 231.987345497197 -158.158141178349
-497.197103853269 181.987345497197 -108.158141178349
-497.197103853269 156.987345497197 -108.158141178349
-547.197103853269 156.987345497197 -108.158141178349
-547.197103853269 181.987345497197 -108.158141178349
-547.197103853269 181.987345497197 -158.158141178349
-547.197103853269 156.987345497197 -158.158141178349
-497.197103853269 156.987345497197 -158.158141178349
-497.197103853269 181.987345497197 -158.158141178349
-547.197103853269 181.987345497197 -108.158141178349
-547.197103853269 156.987345497197 -108.158141178349
-547.197103853269 156.987345497197 -158.158141178349
-547.197103853269 181.987345497197 -158.158141178349
-497.197103853269 181.987345497197 -158.158141178349
-497.197103853269 156.987345497197 -158.158141178349
-497.197103853269 156.987345497197 -108.158141178349
-497.197103853269 181.987345497197 -108.158141178349
