-159.697103853269 244.487345497197 216.841858821652
-159.697103853269 169.487345497197 216.841858821652
-84.6971038532692 169.487345497197 216.841858821652
-84.6971038532692 244.487345497197 216.841858821652
-97.1971038532692 181.987345497197 216.841858821652
-147.197103853269 181.987345497197 216.841858821652
-147.197103853269 231.987345497197 216.841858821652
-97.1971038532692 231.987345497197 216.841858821652
-159.697103853269 244.487345497197 -83.1581411783485
-159.697103853269 169.487345497197 -83.1581411783485
-159.697103853269 169.487345497197 216.841858821652
-159.697103853269 244.487345497197 216.841858821652
-159.697103853269 169.487345497197 -83.1581411783485
-84.6971038532692 169.487345497197 -83.1581411783485
-84.6971038532692 169.487345497197 216.841858821652
-159.697103853269 169.487345497197 216.841858821652
-84.6971038532692 169.487345497197 -83.1581411783485
-84.6971038532692 244.487345497197 -83.1581411783485
-84.6971038532692 244.487345497197 216.841858821652
-84.6971038532692 169.487345497197 216.841858821652
-84.6971038532692 244.487345497197 -83.1581411783485
-159.697103853269 244.487345497197 -83.1581411783485
-159.697103853269 244.487345497197 216.841858821652
-84.6971038532692 244.487345497197 216.841858821652
-97.1971038532692 231.987345497197 -83.1581411783485
-147.197103853269 231.987345497197 -83.1581411783485
-147.197103853269 181.987345497197 -83.1581411783485
-97.1971038532692 181.987345497197 -83.1581411783485
-159.697103853269 169.487345497197 -83.1581411783485
-159.697103853269 244.487345497197 -83.1581411783485
-84.6971038532692 244.487345497197 -83.1581411783485
-84.6971038532692 169.487345497197 -83.1581411783485
-147.197103853269 231.987345497197 216.841858821652
-147.197103853269 181.987345497197 216.841858821652
-147.197103853269 181.987345497197 236.841858821651
-147.197103853269 231.987345497197 236.841858821651
-147.197103853269 181.987345497197 216.841858821652
-97.1971038532692 181.987345497197 216.841858821652
-97.1971038532692 181.987345497197 236.841858821651
-147.197103853269 181.987345497197 236.841858821651
-97.1971038532692 181.987345497197 216.841858821652
-97.1971038532692 231.987345497197 216.841858821652
-97.1971038532692 231.987345497197 236.841858821651
-97.1971038532692 181.987345497197 236.841858821651
-97.1971038532692 231.987345497197 216.841858821652
-147.197103853269 231.987345497197 216.841858821652
-147.197103853269 231.987345497197 236.841858821651
-97.1971038532692 231.987345497197 236.841858821651
-147.197103853269 231.987345497197 236.841858821651
-147.197103853269 181.987345497197 236.841858821651
-97.1971038532692 181.987345497197 236.841858821651
-97.1971038532692 231.987345497197 236.841858821651
-147.197103853269 181.987345497197 -83.1581411783485
-147.197103853269 231.987345497197 -83.1581411783485
-147.197103853269 231.987345497197 -103.158141178348
-147.197103853269 181.987345497197 -103.158141178348
-147.197103853269 231.987345497197 -83.1581411783485
-97.1971038532692 231.987345497197 -83.1581411783485
-97.1971038532692 231.987345497197 -103.158141178348
-147.197103853269 231.987345497197 -103.158141178348
-97.1971038532692 231.987345497197 -83.1581411783485
-97.1971038532692 181.987345497197 -83.1581411783485
-97.1971038532692 181.987345497197 -103.158141178348
-97.1971038532692 231.987345497197 -103.158141178348
-97.1971038532692 181.987345497197 -83.1581411783485
-147.197103853269 181.987345497197 -83.1581411783485
-147.197103853269 181.987345497197 -103.158141178348
-97.1971038532692 181.987345497197 -103.158141178348
-147.197103853269 181.987345497197 -103.158141178348
-147.197103853269 231.987345497197 -103.158141178348
-97.1971038532692 231.987345497197 -103.158141178348
-97.1971038532692 181.987345497197 -103.158141178348
