-472.197103853269 -218.012654502803 241.841858821651
-497.197103853269 -218.012654502803 241.841858821651
-497.197103853269 -218.012654502803 291.841858821651
-472.197103853269 -218.012654502803 291.841858821651
-497.197103853269 -218.012654502803 316.841858821651
-497.197103853269 -218.012654502803 291.841858821651
-547.197103853269 -218.012654502803 291.841858821651
-547.197103853269 -218.012654502803 316.841858821651
-572.197103853269 -218.012654502803 291.841858821651
-547.197103853269 -218.012654502803 291.841858821651
-547.197103853269 -218.012654502803 241.841858821651
-572.197103853269 -218.012654502803 241.841858821651
-472.197103853269 -168.012654502803 291.841858821651
-497.197103853269 -168.012654502803 291.841858821651
-497.197103853269 -168.012654502803 241.841858821651
-472.197103853269 -168.012654502803 241.841858821651
-547.197103853269 -168.012654502803 316.841858821651
-547.197103853269 -168.012654502803 291.841858821651
-497.197103853269 -168.012654502803 291.841858821651
-497.197103853269 -168.012654502803 316.841858821651
-572.197103853269 -168.012654502803 241.841858821651
-547.197103853269 -168.012654502803 241.841858821651
-547.197103853269 -168.012654502803 291.841858821651
-572.197103853269 -168.012654502803 291.841858821651
-497.197103853269 -218.012654502803 216.841858821651
-497.197103853269 -218.012654502803 241.841858821651
-497.197103853269 -168.012654502803 241.841858821651
-497.197103853269 -168.012654502803 216.841858821651
-547.197103853269 -168.012654502803 216.841858821651
-547.197103853269 -168.012654502803 241.841858821651
-547.197103853269 -218.012654502803 241.841858821651
-547.197103853269 -218.012654502803 216.841858821651
-472.197103853269 -168.012654502803 291.841858821651
-472.197103853269 -168.012654502803 241.841858821651
-472.197103853269 -218.012654502803 241.841858821651
-472.197103853269 -218.012654502803 291.841858821651
-472.197103853269 -243.012654502803 216.841858821651
-472.197103853269 -143.012654502803 216.841858821651
-472.197103853269 -143.012654502803 316.841858821651
-472.197103853269 -243.012654502803 316.841858821651
-547.197103853269 -143.012654502803 241.841858821651
-497.197103853269 -143.012654502803 241.841858821651
-497.197103853269 -143.012654502803 291.841858821651
-547.197103853269 -143.012654502803 291.841858821651
-472.197103853269 -143.012654502803 216.841858821651
-572.197103853269 -143.012654502803 216.841858821651
-572.197103853269 -143.012654502803 316.841858821651
-472.197103853269 -143.012654502803 316.841858821651
-572.197103853269 -218.012654502803 291.841858821651
-572.197103853269 -218.012654502803 241.841858821651
-572.197103853269 -168.012654502803 241.841858821651
-572.197103853269 -168.012654502803 291.841858821651
-572.197103853269 -143.012654502803 216.841858821651
-572.197103853269 -243.012654502803 216.841858821651
-572.197103853269 -243.012654502803 316.841858821651
-572.197103853269 -143.012654502803 316.841858821651
-547.197103853269 -243.012654502803 291.841858821651
-497.197103853269 -243.012654502803 291.841858821651
-497.197103853269 -243.012654502803 241.841858821651
-547.197103853269 -243.012654502803 241.841858821651
-572.197103853269 -243.012654502803 216.841858821651
-472.197103853269 -243.012654502803 216.841858821651
-472.197103853269 -243.012654502803 316.841858821651
-572.197103853269 -243.012654502803 316.841858821651
-547.197103853269 -168.012654502803 316.841858821651
-497.197103853269 -168.012654502803 316.841858821651
-497.197103853269 -218.012654502803 316.841858821651
-547.197103853269 -218.012654502803 316.841858821651
-472.197103853269 -243.012654502803 316.841858821651
-472.197103853269 -143.012654502803 316.841858821651
-572.197103853269 -143.012654502803 316.841858821651
-572.197103853269 -243.012654502803 316.841858821651
-497.197103853269 -218.012654502803 216.841858821651
-497.197103853269 -168.012654502803 216.841858821651
-547.197103853269 -168.012654502803 216.841858821651
-547.197103853269 -218.012654502803 216.841858821651
-472.197103853269 -143.012654502803 216.841858821651
-472.197103853269 -243.012654502803 216.841858821651
-572.197103853269 -243.012654502803 216.841858821651
-572.197103853269 -143.012654502803 216.841858821651
-497.197103853269 -168.012654502803 316.841858821651
-497.197103853269 -168.012654502803 291.841858821651
-497.197103853269 -218.012654502803 291.841858821651
-497.197103853269 -218.012654502803 316.841858821651
-547.197103853269 -218.012654502803 216.841858821651
-547.197103853269 -218.012654502803 241.841858821651
-497.197103853269 -218.012654502803 241.841858821651
-497.197103853269 -218.012654502803 216.841858821651
-547.197103853269 -218.012654502803 316.841858821651
-547.197103853269 -218.012654502803 291.841858821651
-547.197103853269 -168.012654502803 291.841858821651
-547.197103853269 -168.012654502803 316.841858821651
-497.197103853269 -168.012654502803 216.841858821651
-497.197103853269 -168.012654502803 241.841858821651
-547.197103853269 -168.012654502803 241.841858821651
-547.197103853269 -168.012654502803 216.841858821651
-547.197103853269 -218.012654502803 291.841858821651
-572.197103853269 -218.012654502803 291.841858821651
-572.197103853269 -168.012654502803 291.841858821651
-547.197103853269 -168.012654502803 291.841858821651
-547.197103853269 -168.012654502803 241.841858821651
-572.197103853269 -168.012654502803 241.841858821651
-572.197103853269 -218.012654502803 241.841858821651
-547.197103853269 -218.012654502803 241.841858821651
-497.197103853269 -218.012654502803 241.841858821651
-472.197103853269 -218.012654502803 241.841858821651
-472.197103853269 -168.012654502803 241.841858821651
-497.197103853269 -168.012654502803 241.841858821651
-497.197103853269 -168.012654502803 291.841858821651
-472.197103853269 -168.012654502803 291.841858821651
-472.197103853269 -218.012654502803 291.841858821651
-497.197103853269 -218.012654502803 291.841858821651
-497.197103853269 -168.012654502803 241.841858821651
-497.197103853269 -143.012654502803 241.841858821651
-547.197103853269 -143.012654502803 241.841858821651
-547.197103853269 -168.012654502803 241.841858821651
-547.197103853269 -168.012654502803 241.841858821651
-547.197103853269 -143.012654502803 241.841858821651
-547.197103853269 -143.012654502803 291.841858821651
-547.197103853269 -168.012654502803 291.841858821651
-547.197103853269 -168.012654502803 291.841858821651
-547.197103853269 -143.012654502803 291.841858821651
-497.197103853269 -143.012654502803 291.841858821651
-497.197103853269 -168.012654502803 291.841858821651
-497.197103853269 -168.012654502803 291.841858821651
-497.197103853269 -143.012654502803 291.841858821651
-497.197103853269 -143.012654502803 241.841858821651
-497.197103853269 -168.012654502803 241.841858821651
-497.197103853269 -218.012654502803 291.841858821651
-497.197103853269 -243.012654502803 291.841858821651
-547.197103853269 -243.012654502803 291.841858821651
-547.197103853269 -218.012654502803 291.841858821651
-547.197103853269 -218.012654502803 241.841858821651
-547.197103853269 -243.012654502803 241.841858821651
-497.197103853269 -243.012654502803 241.841858821651
-497.197103853269 -218.012654502803 241.841858821651
-547.197103853269 -218.012654502803 291.841858821651
-547.197103853269 -243.012654502803 291.841858821651
-547.197103853269 -243.012654502803 241.841858821651
-547.197103853269 -218.012654502803 241.841858821651
-497.197103853269 -218.012654502803 241.841858821651
-497.197103853269 -243.012654502803 241.841858821651
-497.197103853269 -243.012654502803 291.841858821651
-497.197103853269 -218.012654502803 291.841858821651
