-72.1971038532693 -218.012654502803 241.841858821651
-97.1971038532692 -218.012654502803 241.841858821651
-97.1971038532692 -218.012654502803 291.841858821651
-72.1971038532693 -218.012654502803 291.841858821651
-97.1971038532692 -218.012654502803 316.841858821651
-97.1971038532692 -218.012654502803 291.841858821651
-147.197103853269 -218.012654502803 291.841858821651
-147.197103853269 -218.012654502803 316.841858821651
-172.197103853269 -218.012654502803 291.841858821651
-147.197103853269 -218.012654502803 291.841858821651
-147.197103853269 -218.012654502803 241.841858821651
-172.197103853269 -218.012654502803 241.841858821651
-72.1971038532693 -168.012654502803 291.841858821651
-97.1971038532692 -168.012654502803 291.841858821651
-97.1971038532692 -168.012654502803 241.841858821651
-72.1971038532693 -168.012654502803 241.841858821651
-147.197103853269 -168.012654502803 316.841858821651
-147.197103853269 -168.012654502803 291.841858821651
-97.1971038532692 -168.012654502803 291.841858821651
-97.1971038532692 -168.012654502803 316.841858821651
-172.197103853269 -168.012654502803 241.841858821651
-147.197103853269 -168.012654502803 241.841858821651
-147.197103853269 -168.012654502803 291.841858821651
-172.197103853269 -168.012654502803 291.841858821651
-97.1971038532692 -218.012654502803 216.841858821651
-97.1971038532692 -218.012654502803 241.841858821651
-97.1971038532692 -168.012654502803 241.841858821651
-97.1971038532692 -168.012654502803 216.841858821651
-147.197103853269 -168.012654502803 216.841858821651
-147.197103853269 -168.012654502803 241.841858821651
-147.197103853269 -218.012654502803 241.841858821651
-147.197103853269 -218.012654502803 216.841858821651
-72.1971038532693 -168.012654502803 291.841858821651
-72.1971038532693 -168.012654502803 241.841858821651
-72.1971038532693 -218.012654502803 241.841858821651
-72.1971038532693 -218.012654502803 291.841858821651
-72.1971038532693 -243.012654502803 216.841858821651
-72.1971038532693 -143.012654502803 216.841858821651
-72.1971038532693 -143.012654502803 316.841858821651
-72.1971038532693 -243.012654502803 316.841858821651
-147.197103853269 -143.012654502803 241.841858821651
-97.1971038532693 -143.012654502803 241.841858821651
-97.1971038532692 -143.012654502803 291.841858821651
-147.197103853269 -143.012654502803 291.841858821651
-72.1971038532693 -143.012654502803 216.841858821651
-172.197103853269 -143.012654502803 216.841858821651
-172.197103853269 -143.012654502803 316.841858821651
-72.1971038532693 -143.012654502803 316.841858821651
-172.197103853269 -218.012654502803 291.841858821651
-172.197103853269 -218.012654502803 241.841858821651
-172.197103853269 -168.012654502803 241.841858821651
-172.197103853269 -168.012654502803 291.841858821651
-172.197103853269 -143.012654502803 216.841858821651
-172.197103853269 -243.012654502803 216.841858821651
-172.197103853269 -243.012654502803 316.841858821651
-172.197103853269 -143.012654502803 316.841858821651
-147.197103853269 -243.012654502803 291.841858821651
-97.1971038532692 -243.012654502803 291.841858821651
-97.1971038532692 -243.012654502803 241.841858821651
-147.197103853269 -243.012654502803 241.841858821651
-172.197103853269 -243.012654502803 216.841858821651
-72.1971038532693 -243.012654502803 216.841858821651
-72.1971038532693 -243.012654502803 316.841858821651
-172.197103853269 -243.012654502803 316.841858821651
-147.197103853269 -168.012654502803 316.841858821651
-97.1971038532692 -168.012654502803 316.841858821651
-97.1971038532692 -218.012654502803 316.841858821651
-147.197103853269 -218.012654502803 316.841858821651
-72.1971038532693 -243.012654502803 316.841858821651
-72.1971038532693 -143.012654502803 316.841858821651
-172.197103853269 -143.012654502803 316.841858821651
-172.197103853269 -243.012654502803 316.841858821651
-97.1971038532692 -218.012654502803 216.841858821651
-97.1971038532692 -168.012654502803 216.841858821651
-147.197103853269 -168.012654502803 216.841858821651
-147.197103853269 -218.012654502803 216.841858821651
-72.1971038532693 -143.012654502803 216.841858821651
-72.1971038532693 -243.012654502803 216.841858821651
-172.197103853269 -243.012654502803 216.841858821651
-172.197103853269 -143.012654502803 216.841858821651
-97.1971038532692 -168.012654502803 316.841858821651
-97.1971038532692 -168.012654502803 291.841858821651
-97.1971038532692 -218.012654502803 291.841858821651
-97.1971038532692 -218.012654502803 316.841858821651
-147.197103853269 -218.012654502803 216.841858821651
-147.197103853269 -218.012654502803 241.841858821651
-97.1971038532692 -218.012654502803 241.841858821651
-97.1971038532692 -218.012654502803 216.841858821651
-147.197103853269 -218.012654502803 316.841858821651
-147.197103853269 -218.012654502803 291.841858821651
-147.197103853269 -168.012654502803 291.841858821651
-147.197103853269 -168.012654502803 316.841858821651
-97.1971038532692 -168.012654502803 216.841858821651
-97.1971038532692 -168.012654502803 241.841858821651
-147.197103853269 -168.012654502803 241.841858821651
-147.197103853269 -168.012654502803 216.841858821651
-147.197103853269 -218.012654502803 291.841858821651
-172.197103853269 -218.012654502803 291.841858821651
-172.197103853269 -168.012654502803 291.841858821651
-147.197103853269 -168.012654502803 291.841858821651
-147.197103853269 -168.012654502803 241.841858821651
-172.197103853269 -168.012654502803 241.841858821651
-172.197103853269 -218.012654502803 241.841858821651
-147.197103853269 -218.012654502803 241.841858821651
-97.1971038532692 -218.012654502803 241.841858821651
-72.1971038532693 -218.012654502803 241.841858821651
-72.1971038532693 -168.012654502803 241.841858821651
-97.1971038532692 -168.012654502803 241.841858821651
-97.1971038532692 -168.012654502803 291.841858821651
-72.1971038532693 -168.012654502803 291.841858821651
-72.1971038532693 -218.012654502803 291.841858821651
-97.1971038532692 -218.012654502803 291.841858821651
-97.1971038532692 -168.012654502803 241.841858821651
-97.1971038532693 -143.012654502803 241.841858821651
-147.197103853269 -143.012654502803 241.841858821651
-147.197103853269 -168.012654502803 241.841858821651
-147.197103853269 -168.012654502803 241.841858821651
-147.197103853269 -143.012654502803 241.841858821651
-147.197103853269 -143.012654502803 291.841858821651
-147.197103853269 -168.012654502803 291.841858821651
-147.197103853269 -168.012654502803 291.841858821651
-147.197103853269 -143.012654502803 291.841858821651
-97.1971038532692 -143.012654502803 291.841858821651
-97.1971038532692 -168.012654502803 291.841858821651
-97.1971038532692 -168.012654502803 291.841858821651
-97.1971038532692 -143.012654502803 291.841858821651
-97.1971038532693 -143.012654502803 241.841858821651
-97.1971038532692 -168.012654502803 241.841858821651
-97.1971038532692 -218.012654502803 291.841858821651
-97.1971038532692 -243.012654502803 291.841858821651
-147.197103853269 -243.012654502803 291.841858821651
-147.197103853269 -218.012654502803 291.841858821651
-147.197103853269 -218.012654502803 241.841858821651
-147.197103853269 -243.012654502803 241.841858821651
-97.1971038532692 -243.012654502803 241.841858821651
-97.1971038532692 -218.012654502803 241.841858821651
-147.197103853269 -218.012654502803 291.841858821651
-147.197103853269 -243.012654502803 291.841858821651
-147.197103853269 -243.012654502803 241.841858821651
-147.197103853269 -218.012654502803 241.841858821651
-97.1971038532692 -218.012654502803 241.841858821651
-97.1971038532692 -243.012654502803 241.841858821651
-97.1971038532692 -243.012654502803 291.841858821651
-97.1971038532692 -218.012654502803 291.841858821651
