-72.1971038532693 -218.012654502803 -158.158141178349
-97.1971038532693 -218.012654502803 -158.158141178349
-97.1971038532693 -218.012654502803 -108.158141178349
-72.1971038532693 -218.012654502803 -108.158141178349
-97.1971038532693 -218.012654502803 -83.1581411783485
-97.1971038532693 -218.012654502803 -108.158141178349
-147.197103853269 -218.012654502803 -108.158141178349
-147.197103853269 -218.012654502803 -83.1581411783485
-172.197103853269 -218.012654502803 -108.158141178349
-147.197103853269 -218.012654502803 -108.158141178349
-147.197103853269 -218.012654502803 -158.158141178349
-172.197103853269 -218.012654502803 -158.158141178349
-72.1971038532693 -168.012654502803 -108.158141178349
-97.1971038532693 -168.012654502803 -108.158141178349
-97.1971038532693 -168.012654502803 -158.158141178349
-72.1971038532693 -168.012654502803 -158.158141178349
-147.197103853269 -168.012654502803 -83.1581411783485
-147.197103853269 -168.012654502803 -108.158141178349
-97.1971038532693 -168.012654502803 -108.158141178349
-97.1971038532693 -168.012654502803 -83.1581411783485
-172.197103853269 -168.012654502803 -158.158141178349
-147.197103853269 -168.012654502803 -158.158141178349
-147.197103853269 -168.012654502803 -108.158141178349
-172.197103853269 -168.012654502803 -108.158141178349
-97.1971038532693 -218.012654502803 -183.158141178349
-97.1971038532693 -218.012654502803 -158.158141178349
-97.1971038532693 -168.012654502803 -158.158141178349
-97.1971038532693 -168.012654502803 -183.158141178349
-147.197103853269 -168.012654502803 -183.158141178349
-147.197103853269 -168.012654502803 -158.158141178349
-147.197103853269 -218.012654502803 -158.158141178349
-147.197103853269 -218.012654502803 -183.158141178349
-72.1971038532693 -168.012654502803 -108.158141178349
-72.1971038532693 -168.012654502803 -158.158141178349
-72.1971038532693 -218.012654502803 -158.158141178349
-72.1971038532693 -218.012654502803 -108.158141178349
-72.1971038532693 -243.012654502803 -183.158141178349
-72.1971038532693 -143.012654502803 -183.158141178349
-72.1971038532693 -143.012654502803 -83.1581411783485
-72.1971038532693 -243.012654502803 -83.1581411783485
-147.197103853269 -143.012654502803 -158.158141178349
-97.1971038532693 -143.012654502803 -158.158141178349
-97.1971038532693 -143.012654502803 -108.158141178349
-147.197103853269 -143.012654502803 -108.158141178349
-72.1971038532693 -143.012654502803 -183.158141178349
-172.197103853269 -143.012654502803 -183.158141178349
-172.197103853269 -143.012654502803 -83.1581411783485
-72.1971038532693 -143.012654502803 -83.1581411783485
-172.197103853269 -218.012654502803 -108.158141178349
-172.197103853269 -218.012654502803 -158.158141178349
-172.197103853269 -168.012654502803 -158.158141178349
-172.197103853269 -168.012654502803 -108.158141178349
-172.197103853269 -143.012654502803 -183.158141178349
-172.197103853269 -243.012654502803 -183.158141178349
-172.197103853269 -243.012654502803 -83.1581411783485
-172.197103853269 -143.012654502803 -83.1581411783485
-147.197103853269 -243.012654502803 -108.158141178349
-97.1971038532693 -243.012654502803 -108.158141178349
-97.1971038532693 -243.012654502803 -158.158141178349
-147.197103853269 -243.012654502803 -158.158141178349
-172.197103853269 -243.012654502803 -183.158141178349
-72.1971038532693 -243.012654502803 -183.158141178349
-72.1971038532693 -243.012654502803 -83.1581411783485
-172.197103853269 -243.012654502803 -83.1581411783485
-147.197103853269 -168.012654502803 -83.1581411783485
-97.1971038532693 -168.012654502803 -83.1581411783485
-97.1971038532693 -218.012654502803 -83.1581411783485
-147.197103853269 -218.012654502803 -83.1581411783485
-72.1971038532693 -243.012654502803 -83.1581411783485
-72.1971038532693 -143.012654502803 -83.1581411783485
-172.197103853269 -143.012654502803 -83.1581411783485
-172.197103853269 -243.012654502803 -83.1581411783485
-97.1971038532693 -218.012654502803 -183.158141178349
-97.1971038532693 -168.012654502803 -183.158141178349
-147.197103853269 -168.012654502803 -183.158141178349
-147.197103853269 -218.012654502803 -183.158141178349
-72.1971038532693 -143.012654502803 -183.158141178349
-72.1971038532693 -243.012654502803 -183.158141178349
-172.197103853269 -243.012654502803 -183.158141178349
-172.197103853269 -143.012654502803 -183.158141178349
-97.1971038532693 -168.012654502803 -83.1581411783485
-97.1971038532693 -168.012654502803 -108.158141178349
-97.1971038532693 -218.012654502803 -108.158141178349
-97.1971038532693 -218.012654502803 -83.1581411783485
-147.197103853269 -218.012654502803 -183.158141178349
-147.197103853269 -218.012654502803 -158.158141178349
-97.1971038532693 -218.012654502803 -158.158141178349
-97.1971038532693 -218.012654502803 -183.158141178349
-147.197103853269 -218.012654502803 -83.1581411783485
-147.197103853269 -218.012654502803 -108.158141178349
-147.197103853269 -168.012654502803 -108.158141178349
-147.197103853269 -168.012654502803 -83.1581411783485
-97.1971038532693 -168.012654502803 -183.158141178349
-97.1971038532693 -168.012654502803 -158.158141178349
-147.197103853269 -168.012654502803 -158.158141178349
-147.197103853269 -168.012654502803 -183.158141178349
-147.197103853269 -218.012654502803 -108.158141178349
-172.197103853269 -218.012654502803 -108.158141178349
-172.197103853269 -168.012654502803 -108.158141178349
-147.197103853269 -168.012654502803 -108.158141178349
-147.197103853269 -168.012654502803 -158.158141178349
-172.197103853269 -168.012654502803 -158.158141178349
-172.197103853269 -218.012654502803 -158.158141178349
-147.197103853269 -218.012654502803 -158.158141178349
-97.1971038532693 -218.012654502803 -158.158141178349
-72.1971038532693 -218.012654502803 -158.158141178349
-72.1971038532693 -168.012654502803 -158.158141178349
-97.1971038532693 -168.012654502803 -158.158141178349
-97.1971038532693 -168.012654502803 -108.158141178349
-72.1971038532693 -168.012654502803 -108.158141178349
-72.1971038532693 -218.012654502803 -108.158141178349
-97.1971038532693 -218.012654502803 -108.158141178349
-97.1971038532693 -168.012654502803 -158.158141178349
-97.1971038532693 -143.012654502803 -158.158141178349
-147.197103853269 -143.012654502803 -158.158141178349
-147.197103853269 -168.012654502803 -158.158141178349
-147.197103853269 -168.012654502803 -158.158141178349
-147.197103853269 -143.012654502803 -158.158141178349
-147.197103853269 -143.012654502803 -108.158141178349
-147.197103853269 -168.012654502803 -108.158141178349
-147.197103853269 -168.012654502803 -108.158141178349
-147.197103853269 -143.012654502803 -108.158141178349
-97.1971038532693 -143.012654502803 -108.158141178349
-97.1971038532693 -168.012654502803 -108.158141178349
-97.1971038532693 -168.012654502803 -108.158141178349
-97.1971038532693 -143.012654502803 -108.158141178349
-97.1971038532693 -143.012654502803 -158.158141178349
-97.1971038532693 -168.012654502803 -158.158141178349
-97.1971038532693 -218.012654502803 -108.158141178349
-97.1971038532693 -243.012654502803 -108.158141178349
-147.197103853269 -243.012654502803 -108.158141178349
-147.197103853269 -218.012654502803 -108.158141178349
-147.197103853269 -218.012654502803 -158.158141178349
-147.197103853269 -243.012654502803 -158.158141178349
-97.1971038532693 -243.012654502803 -158.158141178349
-97.1971038532693 -218.012654502803 -158.158141178349
-147.197103853269 -218.012654502803 -108.158141178349
-147.197103853269 -243.012654502803 -108.158141178349
-147.197103853269 -243.012654502803 -158.158141178349
-147.197103853269 -218.012654502803 -158.158141178349
-97.1971038532693 -218.012654502803 -158.158141178349
-97.1971038532693 -243.012654502803 -158.158141178349
-97.1971038532693 -243.012654502803 -108.158141178349
-97.1971038532693 -218.012654502803 -108.158141178349
