-559.697103853269 244.487345497197 216.841858821651
-559.697103853269 169.487345497197 216.841858821651
-484.697103853269 169.487345497197 216.841858821651
-484.697103853269 244.487345497197 216.841858821651
-497.197103853269 181.987345497197 216.841858821651
-547.197103853269 181.987345497197 216.841858821651
-547.197103853269 231.987345497197 216.841858821651
-497.197103853269 231.987345497197 216.841858821651
-559.697103853269 244.487345497197 -83.1581411783485
-559.697103853269 169.487345497197 -83.1581411783485
-559.697103853269 169.487345497197 216.841858821651
-559.697103853269 244.487345497197 216.841858821651
-559.697103853269 169.487345497197 -83.1581411783485
-484.697103853269 169.487345497197 -83.1581411783485
-484.697103853269 169.487345497197 216.841858821651
-559.697103853269 169.487345497197 216.841858821651
-484.697103853269 169.487345497197 -83.1581411783485
-484.697103853269 244.487345497197 -83.1581411783485
-484.697103853269 244.487345497197 216.841858821651
-484.697103853269 169.487345497197 216.841858821651
-484.697103853269 244.487345497197 -83.1581411783485
-559.697103853269 244.487345497197 -83.1581411783485
-559.697103853269 244.487345497197 216.841858821651
-484.697103853269 244.487345497197 216.841858821651
-497.197103853269 231.987345497197 -83.1581411783485
-547.197103853269 231.987345497197 -83.1581411783485
-547.197103853269 181.987345497197 -83.1581411783485
-497.197103853269 181.987345497197 -83.1581411783485
-559.697103853269 169.487345497197 -83.1581411783485
-559.697103853269 244.487345497197 -83.1581411783485
-484.697103853269 244.487345497197 -83.1581411783485
-484.697103853269 169.487345497197 -83.1581411783485
-547.197103853269 231.987345497197 216.841858821651
-547.197103853269 181.987345497197 216.841858821651
-547.197103853269 181.987345497197 236.841858821651
-547.197103853269 231.987345497197 236.841858821651
-547.197103853269 181.987345497197 216.841858821651
-497.197103853269 181.987345497197 216.841858821651
-497.197103853269 181.987345497197 236.841858821651
-547.197103853269 181.987345497197 236.841858821651
-497.197103853269 181.987345497197 216.841858821651
-497.197103853269 231.987345497197 216.841858821651
-497.197103853269 231.987345497197 236.841858821651
-497.197103853269 181.987345497197 236.841858821651
-497.197103853269 231.987345497197 216.841858821651
-547.197103853269 231.987345497197 216.841858821651
-547.197103853269 231.987345497197 236.841858821651
-497.197103853269 231.987345497197 236.841858821651
-547.197103853269 231.987345497197 236.841858821651
-547.197103853269 181.987345497197 236.841858821651
-497.197103853269 181.987345497197 236.841858821651
-497.197103853269 231.987345497197 236.841858821651
-547.197103853269 181.987345497197 -83.1581411783485
-547.197103853269 231.987345497197 -83.1581411783485
-547.197103853269 231.987345497197 -103.158141178349
-547.197103853269 181.987345497197 -103.158141178349
-547.197103853269 231.987345497197 -83.1581411783485
-497.197103853269 231.987345497197 -83.1581411783485
-497.197103853269 231.987345497197 -103.158141178349
-547.197103853269 231.987345497197 -103.158141178349
-497.197103853269 231.987345497197 -83.1581411783485
-497.197103853269 181.987345497197 -83.1581411783485
-497.197103853269 181.987345497197 -103.158141178349
-497.197103853269 231.987345497197 -103.158141178349
-497.197103853269 181.987345497197 -83.1581411783485
-547.197103853269 181.987345497197 -83.1581411783485
-547.197103853269 181.987345497197 -103.158141178349
-497.197103853269 181.987345497197 -103.158141178349
-547.197103853269 181.987345497197 -103.158141178349
-547.197103853269 231.987345497197 -103.158141178349
-497.197103853269 231.987345497197 -103.158141178349
-497.197103853269 181.987345497197 -103.158141178349
