-559.697103853269 156.987345497197 -170.658141178349
-559.697103853269 156.987345497197 -95.6581411783485
-484.697103853269 156.987345497197 -95.6581411783485
-484.697103853269 156.987345497197 -170.658141178349
-497.197103853269 156.987345497197 -108.158141178349
-547.197103853269 156.987345497197 -108.158141178349
-547.197103853269 156.987345497197 -158.158141178349
-497.197103853269 156.987345497197 -158.158141178349
-559.697103853269 -143.012654502803 -170.658141178349
-559.697103853269 -143.012654502803 -95.6581411783485
-559.697103853269 156.987345497197 -95.6581411783485
-559.697103853269 156.987345497197 -170.658141178349
-559.697103853269 -143.012654502803 -95.6581411783485
-484.697103853269 -143.012654502803 -95.6581411783485
-484.697103853269 156.987345497197 -95.6581411783485
-559.697103853269 156.987345497197 -95.6581411783485
-484.697103853269 -143.012654502803 -95.6581411783485
-484.697103853269 -143.012654502803 -170.658141178349
-484.697103853269 156.987345497197 -170.658141178349
-484.697103853269 156.987345497197 -95.6581411783485
-484.697103853269 -143.012654502803 -170.658141178349
-559.697103853269 -143.012654502803 -170.658141178349
-559.697103853269 156.987345497197 -170.658141178349
-484.697103853269 156.987345497197 -170.658141178349
-497.197103853269 -143.012654502803 -158.158141178349
-547.197103853269 -143.012654502803 -158.158141178349
-547.197103853269 -143.012654502803 -108.158141178349
-497.197103853269 -143.012654502803 -108.158141178349
-559.697103853269 -143.012654502803 -95.6581411783485
-559.697103853269 -143.012654502803 -170.658141178349
-484.697103853269 -143.012654502803 -170.658141178349
-484.697103853269 -143.012654502803 -95.6581411783485
-547.197103853269 156.987345497197 -158.158141178349
-547.197103853269 156.987345497197 -108.158141178349
-547.197103853269 176.987345497197 -108.158141178349
-547.197103853269 176.987345497197 -158.158141178349
-547.197103853269 156.987345497197 -108.158141178349
-497.197103853269 156.987345497197 -108.158141178349
-497.197103853269 176.987345497197 -108.158141178349
-547.197103853269 176.987345497197 -108.158141178349
-497.197103853269 156.987345497197 -108.158141178349
-497.197103853269 156.987345497197 -158.158141178349
-497.197103853269 176.987345497197 -158.158141178349
-497.197103853269 176.987345497197 -108.158141178349
-497.197103853269 156.987345497197 -158.158141178349
-547.197103853269 156.987345497197 -158.158141178349
-547.197103853269 176.987345497197 -158.158141178349
-497.197103853269 176.987345497197 -158.158141178349
-547.197103853269 176.987345497197 -158.158141178349
-547.197103853269 176.987345497197 -108.158141178349
-497.197103853269 176.987345497197 -108.158141178349
-497.197103853269 176.987345497197 -158.158141178349
-547.197103853269 -143.012654502803 -108.158141178349
-547.197103853269 -143.012654502803 -158.158141178349
-547.197103853269 -163.012654502803 -158.158141178349
-547.197103853269 -163.012654502803 -108.158141178349
-547.197103853269 -143.012654502803 -158.158141178349
-497.197103853269 -143.012654502803 -158.158141178349
-497.197103853269 -163.012654502803 -158.158141178349
-547.197103853269 -163.012654502803 -158.158141178349
-497.197103853269 -143.012654502803 -158.158141178349
-497.197103853269 -143.012654502803 -108.158141178349
-497.197103853269 -163.012654502803 -108.158141178349
-497.197103853269 -163.012654502803 -158.158141178349
-497.197103853269 -143.012654502803 -108.158141178349
-547.197103853269 -143.012654502803 -108.158141178349
-547.197103853269 -163.012654502803 -108.158141178349
-497.197103853269 -163.012654502803 -108.158141178349
-547.197103853269 -163.012654502803 -108.158141178349
-547.197103853269 -163.012654502803 -158.158141178349
-497.197103853269 -163.012654502803 -158.158141178349
-497.197103853269 -163.012654502803 -108.158141178349
