-72.1971038532692 181.987345497197 -158.158141178348
-97.1971038532692 181.987345497197 -158.158141178348
-97.1971038532692 181.987345497197 -108.158141178348
-72.1971038532692 181.987345497197 -108.158141178348
-97.1971038532692 181.987345497197 -83.1581411783484
-97.1971038532692 181.987345497197 -108.158141178348
-147.197103853269 181.987345497197 -108.158141178348
-147.197103853269 181.987345497197 -83.1581411783484
-172.197103853269 181.987345497197 -108.158141178348
-147.197103853269 181.987345497197 -108.158141178348
-147.197103853269 181.987345497197 -158.158141178348
-172.197103853269 181.987345497197 -158.158141178348
-72.1971038532692 231.987345497197 -108.158141178348
-97.1971038532692 231.987345497197 -108.158141178348
-97.1971038532692 231.987345497197 -158.158141178348
-72.1971038532692 231.987345497197 -158.158141178348
-147.197103853269 231.987345497197 -83.1581411783484
-147.197103853269 231.987345497197 -108.158141178348
-97.1971038532692 231.987345497197 -108.158141178348
-97.1971038532692 231.987345497197 -83.1581411783484
-172.197103853269 231.987345497197 -158.158141178348
-147.197103853269 231.987345497197 -158.158141178348
-147.197103853269 231.987345497197 -108.158141178348
-172.197103853269 231.987345497197 -108.158141178348
-97.1971038532692 181.987345497197 -183.158141178348
-97.1971038532692 181.987345497197 -158.158141178348
-97.1971038532692 231.987345497197 -158.158141178348
-97.1971038532692 231.987345497197 -183.158141178348
-147.197103853269 231.987345497197 -183.158141178348
-147.197103853269 231.987345497197 -158.158141178348
-147.197103853269 181.987345497197 -158.158141178348
-147.197103853269 181.987345497197 -183.158141178348
-72.1971038532692 231.987345497197 -108.158141178348
-72.1971038532692 231.987345497197 -158.158141178348
-72.1971038532692 181.987345497197 -158.158141178348
-72.1971038532692 181.987345497197 -108.158141178348
-72.1971038532692 156.987345497197 -183.158141178348
-72.1971038532692 256.987345497197 -183.158141178348
-72.1971038532692 256.987345497197 -83.1581411783484
-72.1971038532692 156.987345497197 -83.1581411783484
-147.197103853269 256.987345497197 -158.158141178348
-97.1971038532692 256.987345497197 -158.158141178348
-97.1971038532692 256.987345497197 -108.158141178348
-147.197103853269 256.987345497197 -108.158141178348
-72.1971038532692 256.987345497197 -183.158141178348
-172.197103853269 256.987345497197 -183.158141178348
-172.197103853269 256.987345497197 -83.1581411783484
-72.1971038532692 256.987345497197 -83.1581411783484
-172.197103853269 181.987345497197 -108.158141178348
-172.197103853269 181.987345497197 -158.158141178348
-172.197103853269 231.987345497197 -158.158141178348
-172.197103853269 231.987345497197 -108.158141178348
-172.197103853269 256.987345497197 -183.158141178348
-172.197103853269 156.987345497197 -183.158141178348
-172.197103853269 156.987345497197 -83.1581411783484
-172.197103853269 256.987345497197 -83.1581411783484
-147.197103853269 156.987345497197 -108.158141178348
-97.1971038532692 156.987345497197 -108.158141178348
-97.1971038532692 156.987345497197 -158.158141178348
-147.197103853269 156.987345497197 -158.158141178348
-172.197103853269 156.987345497197 -183.158141178348
-72.1971038532692 156.987345497197 -183.158141178348
-72.1971038532692 156.987345497197 -83.1581411783484
-172.197103853269 156.987345497197 -83.1581411783484
-147.197103853269 231.987345497197 -83.1581411783484
-97.1971038532692 231.987345497197 -83.1581411783484
-97.1971038532692 181.987345497197 -83.1581411783484
-147.197103853269 181.987345497197 -83.1581411783484
-72.1971038532692 156.987345497197 -83.1581411783484
-72.1971038532692 256.987345497197 -83.1581411783484
-172.197103853269 256.987345497197 -83.1581411783484
-172.197103853269 156.987345497197 -83.1581411783484
-97.1971038532692 181.987345497197 -183.158141178348
-97.1971038532692 231.987345497197 -183.158141178348
-147.197103853269 231.987345497197 -183.158141178348
-147.197103853269 181.987345497197 -183.158141178348
-72.1971038532692 256.987345497197 -183.158141178348
-72.1971038532692 156.987345497197 -183.158141178348
-172.197103853269 156.987345497197 -183.158141178348
-172.197103853269 256.987345497197 -183.158141178348
-97.1971038532692 231.987345497197 -83.1581411783484
-97.1971038532692 231.987345497197 -108.158141178348
-97.1971038532692 181.987345497197 -108.158141178348
-97.1971038532692 181.987345497197 -83.1581411783484
-147.197103853269 181.987345497197 -183.158141178348
-147.197103853269 181.987345497197 -158.158141178348
-97.1971038532692 181.987345497197 -158.158141178348
-97.1971038532692 181.987345497197 -183.158141178348
-147.197103853269 181.987345497197 -83.1581411783484
-147.197103853269 181.987345497197 -108.158141178348
-147.197103853269 231.987345497197 -108.158141178348
-147.197103853269 231.987345497197 -83.1581411783484
-97.1971038532692 231.987345497197 -183.158141178348
-97.1971038532692 231.987345497197 -158.158141178348
-147.197103853269 231.987345497197 -158.158141178348
-147.197103853269 231.987345497197 -183.158141178348
-147.197103853269 181.987345497197 -108.158141178348
-172.197103853269 181.987345497197 -108.158141178348
-172.197103853269 231.987345497197 -108.158141178348
-147.197103853269 231.987345497197 -108.158141178348
-147.197103853269 231.987345497197 -158.158141178348
-172.197103853269 231.987345497197 -158.158141178348
-172.197103853269 181.987345497197 -158.158141178348
-147.197103853269 181.987345497197 -158.158141178348
-97.1971038532692 181.987345497197 -158.158141178348
-72.1971038532692 181.987345497197 -158.158141178348
-72.1971038532692 231.987345497197 -158.158141178348
-97.1971038532692 231.987345497197 -158.158141178348
-97.1971038532692 231.987345497197 -108.158141178348
-72.1971038532692 231.987345497197 -108.158141178348
-72.1971038532692 181.987345497197 -108.158141178348
-97.1971038532692 181.987345497197 -108.158141178348
-97.1971038532692 231.987345497197 -158.158141178348
-97.1971038532692 256.987345497197 -158.158141178348
-147.197103853269 256.987345497197 -158.158141178348
-147.197103853269 231.987345497197 -158.158141178348
-147.197103853269 231.987345497197 -158.158141178348
-147.197103853269 256.987345497197 -158.158141178348
-147.197103853269 256.987345497197 -108.158141178348
-147.197103853269 231.987345497197 -108.158141178348
-147.197103853269 231.987345497197 -108.158141178348
-147.197103853269 256.987345497197 -108.158141178348
-97.1971038532692 256.987345497197 -108.158141178348
-97.1971038532692 231.987345497197 -108.158141178348
-97.1971038532692 231.987345497197 -108.158141178348
-97.1971038532692 256.987345497197 -108.158141178348
-97.1971038532692 256.987345497197 -158.158141178348
-97.1971038532692 231.987345497197 -158.158141178348
-97.1971038532692 181.987345497197 -108.158141178348
-97.1971038532692 156.987345497197 -108.158141178348
-147.197103853269 156.987345497197 -108.158141178348
-147.197103853269 181.987345497197 -108.158141178348
-147.197103853269 181.987345497197 -158.158141178348
-147.197103853269 156.987345497197 -158.158141178348
-97.1971038532692 156.987345497197 -158.158141178348
-97.1971038532692 181.987345497197 -158.158141178348
-147.197103853269 181.987345497197 -108.158141178348
-147.197103853269 156.987345497197 -108.158141178348
-147.197103853269 156.987345497197 -158.158141178348
-147.197103853269 181.987345497197 -158.158141178348
-97.1971038532692 181.987345497197 -158.158141178348
-97.1971038532692 156.987345497197 -158.158141178348
-97.1971038532692 156.987345497197 -108.158141178348
-97.1971038532692 181.987345497197 -108.158141178348
