-159.697103853269 156.987345497197 -170.658141178348
-159.697103853269 156.987345497197 -95.6581411783484
-84.6971038532692 156.987345497197 -95.6581411783484
-84.6971038532692 156.987345497197 -170.658141178348
-97.1971038532692 156.987345497197 -108.158141178348
-147.197103853269 156.987345497197 -108.158141178348
-147.197103853269 156.987345497197 -158.158141178348
-97.1971038532692 156.987345497197 -158.158141178348
-159.697103853269 -143.012654502803 -170.658141178348
-159.697103853269 -143.012654502803 -95.6581411783484
-159.697103853269 156.987345497197 -95.6581411783484
-159.697103853269 156.987345497197 -170.658141178348
-159.697103853269 -143.012654502803 -95.6581411783484
-84.6971038532692 -143.012654502803 -95.6581411783484
-84.6971038532692 156.987345497197 -95.6581411783484
-159.697103853269 156.987345497197 -95.6581411783484
-84.6971038532692 -143.012654502803 -95.6581411783484
-84.6971038532692 -143.012654502803 -170.658141178348
-84.6971038532692 156.987345497197 -170.658141178348
-84.6971038532692 156.987345497197 -95.6581411783484
-84.6971038532692 -143.012654502803 -170.658141178348
-159.697103853269 -143.012654502803 -170.658141178348
-159.697103853269 156.987345497197 -170.658141178348
-84.6971038532692 156.987345497197 -170.658141178348
-97.1971038532692 -143.012654502803 -158.158141178348
-147.197103853269 -143.012654502803 -158.158141178348
-147.197103853269 -143.012654502803 -108.158141178348
-97.1971038532692 -143.012654502803 -108.158141178348
-159.697103853269 -143.012654502803 -95.6581411783484
-159.697103853269 -143.012654502803 -170.658141178348
-84.6971038532692 -143.012654502803 -170.658141178348
-84.6971038532692 -143.012654502803 -95.6581411783484
-147.197103853269 156.987345497197 -158.158141178348
-147.197103853269 156.987345497197 -108.158141178348
-147.197103853269 176.987345497197 -108.158141178348
-147.197103853269 176.987345497197 -158.158141178348
-147.197103853269 156.987345497197 -108.158141178348
-97.1971038532692 156.987345497197 -108.158141178348
-97.1971038532692 176.987345497197 -108.158141178348
-147.197103853269 176.987345497197 -108.158141178348
-97.1971038532692 156.987345497197 -108.158141178348
-97.1971038532692 156.987345497197 -158.158141178348
-97.1971038532692 176.987345497197 -158.158141178348
-97.1971038532692 176.987345497197 -108.158141178348
-97.1971038532692 156.987345497197 -158.158141178348
-147.197103853269 156.987345497197 -158.158141178348
-147.197103853269 176.987345497197 -158.158141178348
-97.1971038532692 176.987345497197 -158.158141178348
-147.197103853269 176.987345497197 -158.158141178348
-147.197103853269 176.987345497197 -108.158141178348
-97.1971038532692 176.987345497197 -108.158141178348
-97.1971038532692 176.987345497197 -158.158141178348
-147.197103853269 -143.012654502803 -108.158141178348
-147.197103853269 -143.012654502803 -158.158141178348
-147.197103853269 -163.012654502803 -158.158141178348
-147.197103853269 -163.012654502803 -108.158141178348
-147.197103853269 -143.012654502803 -158.158141178348
-97.1971038532692 -143.012654502803 -158.158141178348
-97.1971038532692 -163.012654502803 -158.158141178348
-147.197103853269 -163.012654502803 -158.158141178348
-97.1971038532692 -143.012654502803 -158.158141178348
-97.1971038532692 -143.012654502803 -108.158141178348
-97.1971038532692 -163.012654502803 -108.158141178348
-97.1971038532692 -163.012654502803 -158.158141178348
-97.1971038532692 -143.012654502803 -108.158141178348
-147.197103853269 -143.012654502803 -108.158141178348
-147.197103853269 -163.012654502803 -108.158141178348
-97.1971038532692 -163.012654502803 -108.158141178348
-147.197103853269 -163.012654502803 -108.158141178348
-147.197103853269 -163.012654502803 -158.158141178348
-97.1971038532692 -163.012654502803 -158.158141178348
-97.1971038532692 -163.012654502803 -108.158141178348
