-559.697103853269 156.987345497197 229.341858821651
-559.697103853269 156.987345497197 304.341858821651
-484.697103853269 156.987345497197 304.341858821651
-484.697103853269 156.987345497197 229.341858821651
-497.197103853269 156.987345497197 291.841858821651
-547.197103853269 156.987345497197 291.841858821651
-547.197103853269 156.987345497197 241.841858821651
-497.197103853269 156.987345497197 241.841858821651
-559.697103853269 -143.012654502803 229.341858821651
-559.697103853269 -143.012654502803 304.341858821651
-559.697103853269 156.987345497197 304.341858821651
-559.697103853269 156.987345497197 229.341858821651
-559.697103853269 -143.012654502803 304.341858821651
-484.697103853269 -143.012654502803 304.341858821651
-484.697103853269 156.987345497197 304.341858821651
-559.697103853269 156.987345497197 304.341858821651
-484.697103853269 -143.012654502803 304.341858821651
-484.697103853269 -143.012654502803 229.341858821651
-484.697103853269 156.987345497197 229.341858821651
-484.697103853269 156.987345497197 304.341858821651
-484.697103853269 -143.012654502803 229.341858821651
-559.697103853269 -143.012654502803 229.341858821651
-559.697103853269 156.987345497197 229.341858821651
-484.697103853269 156.987345497197 229.341858821651
-497.197103853269 -143.012654502803 241.841858821651
-547.197103853269 -143.012654502803 241.841858821651
-547.197103853269 -143.012654502803 291.841858821651
-497.197103853269 -143.012654502803 291.841858821651
-559.697103853269 -143.012654502803 304.341858821651
-559.697103853269 -143.012654502803 229.341858821651
-484.697103853269 -143.012654502803 229.341858821651
-484.697103853269 -143.012654502803 304.341858821651
-547.197103853269 156.987345497197 241.841858821651
-547.197103853269 156.987345497197 291.841858821651
-547.197103853269 176.987345497197 291.841858821651
-547.197103853269 176.987345497197 241.841858821651
-547.197103853269 156.987345497197 291.841858821651
-497.197103853269 156.987345497197 291.841858821651
-497.197103853269 176.987345497197 291.841858821651
-547.197103853269 176.987345497197 291.841858821651
-497.197103853269 156.987345497197 291.841858821651
-497.197103853269 156.987345497197 241.841858821651
-497.197103853269 176.987345497197 241.841858821651
-497.197103853269 176.987345497197 291.841858821651
-497.197103853269 156.987345497197 241.841858821651
-547.197103853269 156.987345497197 241.841858821651
-547.197103853269 176.987345497197 241.841858821651
-497.197103853269 176.987345497197 241.841858821651
-547.197103853269 176.987345497197 241.841858821651
-547.197103853269 176.987345497197 291.841858821651
-497.197103853269 176.987345497197 291.841858821651
-497.197103853269 176.987345497197 241.841858821651
-547.197103853269 -143.012654502803 291.841858821651
-547.197103853269 -143.012654502803 241.841858821651
-547.197103853269 -163.012654502803 241.841858821651
-547.197103853269 -163.012654502803 291.841858821651
-547.197103853269 -143.012654502803 241.841858821651
-497.197103853269 -143.012654502803 241.841858821651
-497.197103853269 -163.012654502803 241.841858821651
-547.197103853269 -163.012654502803 241.841858821651
-497.197103853269 -143.012654502803 241.841858821651
-497.197103853269 -143.012654502803 291.841858821651
-497.197103853269 -163.012654502803 291.841858821651
-497.197103853269 -163.012654502803 241.841858821651
-497.197103853269 -143.012654502803 291.841858821651
-547.197103853269 -143.012654502803 291.841858821651
-547.197103853269 -163.012654502803 291.841858821651
-497.197103853269 -163.012654502803 291.841858821651
-547.197103853269 -163.012654502803 291.841858821651
-547.197103853269 -163.012654502803 241.841858821651
-497.197103853269 -163.012654502803 241.841858821651
-497.197103853269 -163.012654502803 291.841858821651
