-559.697103853269 -155.512654502803 216.841858821651
-559.697103853269 -230.512654502803 216.841858821651
-484.697103853269 -230.512654502803 216.841858821651
-484.697103853269 -155.512654502803 216.841858821651
-497.197103853269 -218.012654502803 216.841858821651
-547.197103853269 -218.012654502803 216.841858821651
-547.197103853269 -168.012654502803 216.841858821651
-497.197103853269 -168.012654502803 216.841858821651
-559.697103853269 -155.512654502803 -83.1581411783485
-559.697103853269 -230.512654502803 -83.1581411783485
-559.697103853269 -230.512654502803 216.841858821651
-559.697103853269 -155.512654502803 216.841858821651
-559.697103853269 -230.512654502803 -83.1581411783485
-484.697103853269 -230.512654502803 -83.1581411783485
-484.697103853269 -230.512654502803 216.841858821651
-559.697103853269 -230.512654502803 216.841858821651
-484.697103853269 -230.512654502803 -83.1581411783485
-484.697103853269 -155.512654502803 -83.1581411783485
-484.697103853269 -155.512654502803 216.841858821651
-484.697103853269 -230.512654502803 216.841858821651
-484.697103853269 -155.512654502803 -83.1581411783485
-559.697103853269 -155.512654502803 -83.1581411783485
-559.697103853269 -155.512654502803 216.841858821651
-484.697103853269 -155.512654502803 216.841858821651
-497.197103853269 -168.012654502803 -83.1581411783485
-547.197103853269 -168.012654502803 -83.1581411783485
-547.197103853269 -218.012654502803 -83.1581411783485
-497.197103853269 -218.012654502803 -83.1581411783485
-559.697103853269 -230.512654502803 -83.1581411783485
-559.697103853269 -155.512654502803 -83.1581411783485
-484.697103853269 -155.512654502803 -83.1581411783485
-484.697103853269 -230.512654502803 -83.1581411783485
-547.197103853269 -168.012654502803 216.841858821651
-547.197103853269 -218.012654502803 216.841858821651
-547.197103853269 -218.012654502803 236.841858821651
-547.197103853269 -168.012654502803 236.841858821651
-547.197103853269 -218.012654502803 216.841858821651
-497.197103853269 -218.012654502803 216.841858821651
-497.197103853269 -218.012654502803 236.841858821651
-547.197103853269 -218.012654502803 236.841858821651
-497.197103853269 -218.012654502803 216.841858821651
-497.197103853269 -168.012654502803 216.841858821651
-497.197103853269 -168.012654502803 236.841858821651
-497.197103853269 -218.012654502803 236.841858821651
-497.197103853269 -168.012654502803 216.841858821651
-547.197103853269 -168.012654502803 216.841858821651
-547.197103853269 -168.012654502803 236.841858821651
-497.197103853269 -168.012654502803 236.841858821651
-547.197103853269 -168.012654502803 236.841858821651
-547.197103853269 -218.012654502803 236.841858821651
-497.197103853269 -218.012654502803 236.841858821651
-497.197103853269 -168.012654502803 236.841858821651
-547.197103853269 -218.012654502803 -83.1581411783485
-547.197103853269 -168.012654502803 -83.1581411783485
-547.197103853269 -168.012654502803 -103.158141178349
-547.197103853269 -218.012654502803 -103.158141178349
-547.197103853269 -168.012654502803 -83.1581411783485
-497.197103853269 -168.012654502803 -83.1581411783485
-497.197103853269 -168.012654502803 -103.158141178349
-547.197103853269 -168.012654502803 -103.158141178349
-497.197103853269 -168.012654502803 -83.1581411783485
-497.197103853269 -218.012654502803 -83.1581411783485
-497.197103853269 -218.012654502803 -103.158141178349
-497.197103853269 -168.012654502803 -103.158141178349
-497.197103853269 -218.012654502803 -83.1581411783485
-547.197103853269 -218.012654502803 -83.1581411783485
-547.197103853269 -218.012654502803 -103.158141178349
-497.197103853269 -218.012654502803 -103.158141178349
-547.197103853269 -218.012654502803 -103.158141178349
-547.197103853269 -168.012654502803 -103.158141178349
-497.197103853269 -168.012654502803 -103.158141178349
-497.197103853269 -218.012654502803 -103.158141178349
