-472.197103853269 -155.512654502803 229.341858821651
-472.197103853269 -230.512654502803 229.341858821651
-472.197103853269 -230.512654502803 304.341858821651
-472.197103853269 -155.512654502803 304.341858821651
-472.197103853269 -218.012654502803 291.841858821651
-472.197103853269 -218.012654502803 241.841858821651
-472.197103853269 -168.012654502803 241.841858821651
-472.197103853269 -168.012654502803 291.841858821651
-172.197103853269 -155.512654502803 229.341858821651
-172.197103853269 -230.512654502803 229.341858821651
-472.197103853269 -230.512654502803 229.341858821651
-472.197103853269 -155.512654502803 229.341858821651
-172.197103853269 -230.512654502803 229.341858821651
-172.197103853269 -230.512654502803 304.341858821651
-472.197103853269 -230.512654502803 304.341858821651
-472.197103853269 -230.512654502803 229.341858821651
-172.197103853269 -230.512654502803 304.341858821651
-172.197103853269 -155.512654502803 304.341858821651
-472.197103853269 -155.512654502803 304.341858821651
-472.197103853269 -230.512654502803 304.341858821651
-172.197103853269 -155.512654502803 304.341858821651
-172.197103853269 -155.512654502803 229.341858821651
-472.197103853269 -155.512654502803 229.341858821651
-472.197103853269 -155.512654502803 304.341858821651
-172.197103853269 -168.012654502803 291.841858821651
-172.197103853269 -168.012654502803 241.841858821651
-172.197103853269 -218.012654502803 241.841858821651
-172.197103853269 -218.012654502803 291.841858821651
-172.197103853269 -230.512654502803 229.341858821651
-172.197103853269 -155.512654502803 229.341858821651
-172.197103853269 -155.512654502803 304.341858821651
-172.197103853269 -230.512654502803 304.341858821651
-472.197103853269 -168.012654502803 241.841858821651
-472.197103853269 -218.012654502803 241.841858821651
-492.197103853269 -218.012654502803 241.841858821651
-492.197103853269 -168.012654502803 241.841858821651
-472.197103853269 -218.012654502803 241.841858821651
-472.197103853269 -218.012654502803 291.841858821651
-492.197103853269 -218.012654502803 291.841858821651
-492.197103853269 -218.012654502803 241.841858821651
-472.197103853269 -218.012654502803 291.841858821651
-472.197103853269 -168.012654502803 291.841858821651
-492.197103853269 -168.012654502803 291.841858821651
-492.197103853269 -218.012654502803 291.841858821651
-472.197103853269 -168.012654502803 291.841858821651
-472.197103853269 -168.012654502803 241.841858821651
-492.197103853269 -168.012654502803 241.841858821651
-492.197103853269 -168.012654502803 291.841858821651
-492.197103853269 -168.012654502803 241.841858821651
-492.197103853269 -218.012654502803 241.841858821651
-492.197103853269 -218.012654502803 291.841858821651
-492.197103853269 -168.012654502803 291.841858821651
-172.197103853269 -218.012654502803 241.841858821651
-172.197103853269 -168.012654502803 241.841858821651
-152.197103853269 -168.012654502803 241.841858821651
-152.197103853269 -218.012654502803 241.841858821651
-172.197103853269 -168.012654502803 241.841858821651
-172.197103853269 -168.012654502803 291.841858821651
-152.197103853269 -168.012654502803 291.841858821651
-152.197103853269 -168.012654502803 241.841858821651
-172.197103853269 -168.012654502803 291.841858821651
-172.197103853269 -218.012654502803 291.841858821651
-152.197103853269 -218.012654502803 291.841858821651
-152.197103853269 -168.012654502803 291.841858821651
-172.197103853269 -218.012654502803 291.841858821651
-172.197103853269 -218.012654502803 241.841858821651
-152.197103853269 -218.012654502803 241.841858821651
-152.197103853269 -218.012654502803 291.841858821651
-152.197103853269 -218.012654502803 241.841858821651
-152.197103853269 -168.012654502803 241.841858821651
-152.197103853269 -168.012654502803 291.841858821651
-152.197103853269 -218.012654502803 291.841858821651
