-472.197103853269 244.487345497197 -170.658141178348
-472.197103853269 169.487345497197 -170.658141178348
-472.197103853269 169.487345497197 -95.6581411783485
-472.197103853269 244.487345497197 -95.6581411783485
-472.197103853269 181.987345497197 -108.158141178348
-472.197103853269 181.987345497197 -158.158141178348
-472.197103853269 231.987345497197 -158.158141178348
-472.197103853269 231.987345497197 -108.158141178348
-172.197103853269 244.487345497197 -170.658141178348
-172.197103853269 169.487345497197 -170.658141178348
-472.197103853269 169.487345497197 -170.658141178348
-472.197103853269 244.487345497197 -170.658141178348
-172.197103853269 169.487345497197 -170.658141178348
-172.197103853269 169.487345497197 -95.6581411783485
-472.197103853269 169.487345497197 -95.6581411783485
-472.197103853269 169.487345497197 -170.658141178348
-172.197103853269 169.487345497197 -95.6581411783485
-172.197103853269 244.487345497197 -95.6581411783485
-472.197103853269 244.487345497197 -95.6581411783485
-472.197103853269 169.487345497197 -95.6581411783485
-172.197103853269 244.487345497197 -95.6581411783485
-172.197103853269 244.487345497197 -170.658141178348
-472.197103853269 244.487345497197 -170.658141178348
-472.197103853269 244.487345497197 -95.6581411783485
-172.197103853269 231.987345497197 -108.158141178348
-172.197103853269 231.987345497197 -158.158141178348
-172.197103853269 181.987345497197 -158.158141178348
-172.197103853269 181.987345497197 -108.158141178348
-172.197103853269 169.487345497197 -170.658141178348
-172.197103853269 244.487345497197 -170.658141178348
-172.197103853269 244.487345497197 -95.6581411783485
-172.197103853269 169.487345497197 -95.6581411783485
-472.197103853269 231.987345497197 -158.158141178348
-472.197103853269 181.987345497197 -158.158141178348
-492.197103853269 181.987345497197 -158.158141178348
-492.197103853269 231.987345497197 -158.158141178348
-472.197103853269 181.987345497197 -158.158141178348
-472.197103853269 181.987345497197 -108.158141178348
-492.197103853269 181.987345497197 -108.158141178348
-492.197103853269 181.987345497197 -158.158141178348
-472.197103853269 181.987345497197 -108.158141178348
-472.197103853269 231.987345497197 -108.158141178348
-492.197103853269 231.987345497197 -108.158141178348
-492.197103853269 181.987345497197 -108.158141178348
-472.197103853269 231.987345497197 -108.158141178348
-472.197103853269 231.987345497197 -158.158141178348
-492.197103853269 231.987345497197 -158.158141178348
-492.197103853269 231.987345497197 -108.158141178348
-492.197103853269 231.987345497197 -158.158141178348
-492.197103853269 181.987345497197 -158.158141178348
-492.197103853269 181.987345497197 -108.158141178348
-492.197103853269 231.987345497197 -108.158141178348
-172.197103853269 181.987345497197 -158.158141178348
-172.197103853269 231.987345497197 -158.158141178348
-152.197103853269 231.987345497197 -158.158141178348
-152.197103853269 181.987345497197 -158.158141178348
-172.197103853269 231.987345497197 -158.158141178348
-172.197103853269 231.987345497197 -108.158141178348
-152.197103853269 231.987345497197 -108.158141178348
-152.197103853269 231.987345497197 -158.158141178348
-172.197103853269 231.987345497197 -108.158141178348
-172.197103853269 181.987345497197 -108.158141178348
-152.197103853269 181.987345497197 -108.158141178348
-152.197103853269 231.987345497197 -108.158141178348
-172.197103853269 181.987345497197 -108.158141178348
-172.197103853269 181.987345497197 -158.158141178348
-152.197103853269 181.987345497197 -158.158141178348
-152.197103853269 181.987345497197 -108.158141178348
-152.197103853269 181.987345497197 -158.158141178348
-152.197103853269 231.987345497197 -158.158141178348
-152.197103853269 231.987345497197 -108.158141178348
-152.197103853269 181.987345497197 -108.158141178348
