-72.1971038532693 181.987345497197 241.841858821651
-97.1971038532693 181.987345497197 241.841858821651
-97.1971038532693 181.987345497197 291.841858821651
-72.1971038532693 181.987345497197 291.841858821651
-97.1971038532693 181.987345497197 316.841858821651
-97.1971038532693 181.987345497197 291.841858821651
-147.197103853269 181.987345497197 291.841858821651
-147.197103853269 181.987345497197 316.841858821651
-172.197103853269 181.987345497197 291.841858821651
-147.197103853269 181.987345497197 291.841858821651
-147.197103853269 181.987345497197 241.841858821651
-172.197103853269 181.987345497197 241.841858821651
-72.1971038532693 231.987345497197 291.841858821651
-97.1971038532693 231.987345497197 291.841858821651
-97.1971038532693 231.987345497197 241.841858821651
-72.1971038532693 231.987345497197 241.841858821651
-147.197103853269 231.987345497197 316.841858821651
-147.197103853269 231.987345497197 291.841858821651
-97.1971038532693 231.987345497197 291.841858821651
-97.1971038532693 231.987345497197 316.841858821651
-172.197103853269 231.987345497197 241.841858821651
-147.197103853269 231.987345497197 241.841858821651
-147.197103853269 231.987345497197 291.841858821651
-172.197103853269 231.987345497197 291.841858821651
-97.1971038532693 181.987345497197 216.841858821651
-97.1971038532693 181.987345497197 241.841858821651
-97.1971038532693 231.987345497197 241.841858821651
-97.1971038532693 231.987345497197 216.841858821651
-147.197103853269 231.987345497197 216.841858821651
-147.197103853269 231.987345497197 241.841858821651
-147.197103853269 181.987345497197 241.841858821651
-147.197103853269 181.987345497197 216.841858821651
-72.1971038532693 231.987345497197 291.841858821651
-72.1971038532693 231.987345497197 241.841858821651
-72.1971038532693 181.987345497197 241.841858821651
-72.1971038532693 181.987345497197 291.841858821651
-72.1971038532693 156.987345497197 216.841858821651
-72.1971038532693 256.987345497197 216.841858821651
-72.1971038532693 256.987345497197 316.841858821651
-72.1971038532693 156.987345497197 316.841858821651
-147.197103853269 256.987345497197 241.841858821651
-97.1971038532693 256.987345497197 241.841858821651
-97.1971038532693 256.987345497197 291.841858821651
-147.197103853269 256.987345497197 291.841858821651
-72.1971038532693 256.987345497197 216.841858821651
-172.197103853269 256.987345497197 216.841858821651
-172.197103853269 256.987345497197 316.841858821651
-72.1971038532693 256.987345497197 316.841858821651
-172.197103853269 181.987345497197 291.841858821651
-172.197103853269 181.987345497197 241.841858821651
-172.197103853269 231.987345497197 241.841858821651
-172.197103853269 231.987345497197 291.841858821651
-172.197103853269 256.987345497197 216.841858821651
-172.197103853269 156.987345497197 216.841858821651
-172.197103853269 156.987345497197 316.841858821651
-172.197103853269 256.987345497197 316.841858821651
-147.197103853269 156.987345497197 291.841858821651
-97.1971038532693 156.987345497197 291.841858821651
-97.1971038532693 156.987345497197 241.841858821651
-147.197103853269 156.987345497197 241.841858821651
-172.197103853269 156.987345497197 216.841858821651
-72.1971038532693 156.987345497197 216.841858821651
-72.1971038532693 156.987345497197 316.841858821651
-172.197103853269 156.987345497197 316.841858821651
-147.197103853269 231.987345497197 316.841858821651
-97.1971038532693 231.987345497197 316.841858821651
-97.1971038532693 181.987345497197 316.841858821651
-147.197103853269 181.987345497197 316.841858821651
-72.1971038532693 156.987345497197 316.841858821651
-72.1971038532693 256.987345497197 316.841858821651
-172.197103853269 256.987345497197 316.841858821651
-172.197103853269 156.987345497197 316.841858821651
-97.1971038532693 181.987345497197 216.841858821651
-97.1971038532693 231.987345497197 216.841858821651
-147.197103853269 231.987345497197 216.841858821651
-147.197103853269 181.987345497197 216.841858821651
-72.1971038532693 256.987345497197 216.841858821651
-72.1971038532693 156.987345497197 216.841858821651
-172.197103853269 156.987345497197 216.841858821651
-172.197103853269 256.987345497197 216.841858821651
-97.1971038532693 231.987345497197 316.841858821651
-97.1971038532693 231.987345497197 291.841858821651
-97.1971038532693 181.987345497197 291.841858821651
-97.1971038532693 181.987345497197 316.841858821651
-147.197103853269 181.987345497197 216.841858821651
-147.197103853269 181.987345497197 241.841858821651
-97.1971038532693 181.987345497197 241.841858821651
-97.1971038532693 181.987345497197 216.841858821651
-147.197103853269 181.987345497197 316.841858821651
-147.197103853269 181.987345497197 291.841858821651
-147.197103853269 231.987345497197 291.841858821651
-147.197103853269 231.987345497197 316.841858821651
-97.1971038532693 231.987345497197 216.841858821651
-97.1971038532693 231.987345497197 241.841858821651
-147.197103853269 231.987345497197 241.841858821651
-147.197103853269 231.987345497197 216.841858821651
-147.197103853269 181.987345497197 291.841858821651
-172.197103853269 181.987345497197 291.841858821651
-172.197103853269 231.987345497197 291.841858821651
-147.197103853269 231.987345497197 291.841858821651
-147.197103853269 231.987345497197 241.841858821651
-172.197103853269 231.987345497197 241.841858821651
-172.197103853269 181.987345497197 241.841858821651
-147.197103853269 181.987345497197 241.841858821651
-97.1971038532693 181.987345497197 241.841858821651
-72.1971038532693 181.987345497197 241.841858821651
-72.1971038532693 231.987345497197 241.841858821651
-97.1971038532693 231.987345497197 241.841858821651
-97.1971038532693 231.987345497197 291.841858821651
-72.1971038532693 231.987345497197 291.841858821651
-72.1971038532693 181.987345497197 291.841858821651
-97.1971038532693 181.987345497197 291.841858821651
-97.1971038532693 231.987345497197 241.841858821651
-97.1971038532693 256.987345497197 241.841858821651
-147.197103853269 256.987345497197 241.841858821651
-147.197103853269 231.987345497197 241.841858821651
-147.197103853269 231.987345497197 241.841858821651
-147.197103853269 256.987345497197 241.841858821651
-147.197103853269 256.987345497197 291.841858821651
-147.197103853269 231.987345497197 291.841858821651
-147.197103853269 231.987345497197 291.841858821651
-147.197103853269 256.987345497197 291.841858821651
-97.1971038532693 256.987345497197 291.841858821651
-97.1971038532693 231.987345497197 291.841858821651
-97.1971038532693 231.987345497197 291.841858821651
-97.1971038532693 256.987345497197 291.841858821651
-97.1971038532693 256.987345497197 241.841858821651
-97.1971038532693 231.987345497197 241.841858821651
-97.1971038532693 181.987345497197 291.841858821651
-97.1971038532693 156.987345497197 291.841858821651
-147.197103853269 156.987345497197 291.841858821651
-147.197103853269 181.987345497197 291.841858821651
-147.197103853269 181.987345497197 241.841858821651
-147.197103853269 156.987345497197 241.841858821651
-97.1971038532693 156.987345497197 241.841858821651
-97.1971038532693 181.987345497197 241.841858821651
-147.197103853269 181.987345497197 291.841858821651
-147.197103853269 156.987345497197 291.841858821651
-147.197103853269 156.987345497197 241.841858821651
-147.197103853269 181.987345497197 241.841858821651
-97.1971038532693 181.987345497197 241.841858821651
-97.1971038532693 156.987345497197 241.841858821651
-97.1971038532693 156.987345497197 291.841858821651
-97.1971038532693 181.987345497197 291.841858821651
