-472.197103853269 244.487345497197 229.341858821651
-472.197103853269 169.487345497197 229.341858821651
-472.197103853269 169.487345497197 304.341858821652
-472.197103853269 244.487345497197 304.341858821652
-472.197103853269 181.987345497197 291.841858821652
-472.197103853269 181.987345497197 241.841858821651
-472.197103853269 231.987345497197 241.841858821651
-472.197103853269 231.987345497197 291.841858821652
-172.197103853269 244.487345497197 229.341858821651
-172.197103853269 169.487345497197 229.341858821651
-472.197103853269 169.487345497197 229.341858821651
-472.197103853269 244.487345497197 229.341858821651
-172.197103853269 169.487345497197 229.341858821651
-172.197103853269 169.487345497197 304.341858821652
-472.197103853269 169.487345497197 304.341858821652
-472.197103853269 169.487345497197 229.341858821651
-172.197103853269 169.487345497197 304.341858821652
-172.197103853269 244.487345497197 304.341858821652
-472.197103853269 244.487345497197 304.341858821652
-472.197103853269 169.487345497197 304.341858821652
-172.197103853269 244.487345497197 304.341858821652
-172.197103853269 244.487345497197 229.341858821651
-472.197103853269 244.487345497197 229.341858821651
-472.197103853269 244.487345497197 304.341858821652
-172.197103853269 231.987345497197 291.841858821652
-172.197103853269 231.987345497197 241.841858821651
-172.197103853269 181.987345497197 241.841858821651
-172.197103853269 181.987345497197 291.841858821652
-172.197103853269 169.487345497197 229.341858821651
-172.197103853269 244.487345497197 229.341858821651
-172.197103853269 244.487345497197 304.341858821652
-172.197103853269 169.487345497197 304.341858821652
-472.197103853269 231.987345497197 241.841858821651
-472.197103853269 181.987345497197 241.841858821651
-492.197103853269 181.987345497197 241.841858821651
-492.197103853269 231.987345497197 241.841858821651
-472.197103853269 181.987345497197 241.841858821651
-472.197103853269 181.987345497197 291.841858821652
-492.197103853269 181.987345497197 291.841858821652
-492.197103853269 181.987345497197 241.841858821651
-472.197103853269 181.987345497197 291.841858821652
-472.197103853269 231.987345497197 291.841858821652
-492.197103853269 231.987345497197 291.841858821652
-492.197103853269 181.987345497197 291.841858821652
-472.197103853269 231.987345497197 291.841858821652
-472.197103853269 231.987345497197 241.841858821651
-492.197103853269 231.987345497197 241.841858821651
-492.197103853269 231.987345497197 291.841858821652
-492.197103853269 231.987345497197 241.841858821651
-492.197103853269 181.987345497197 241.841858821651
-492.197103853269 181.987345497197 291.841858821652
-492.197103853269 231.987345497197 291.841858821652
-172.197103853269 181.987345497197 241.841858821651
-172.197103853269 231.987345497197 241.841858821651
-152.197103853269 231.987345497197 241.841858821651
-152.197103853269 181.987345497197 241.841858821651
-172.197103853269 231.987345497197 241.841858821651
-172.197103853269 231.987345497197 291.841858821652
-152.197103853269 231.987345497197 291.841858821652
-152.197103853269 231.987345497197 241.841858821651
-172.197103853269 231.987345497197 291.841858821652
-172.197103853269 181.987345497197 291.841858821652
-152.197103853269 181.987345497197 291.841858821652
-152.197103853269 231.987345497197 291.841858821652
-172.197103853269 181.987345497197 291.841858821652
-172.197103853269 181.987345497197 241.841858821651
-152.197103853269 181.987345497197 241.841858821651
-152.197103853269 181.987345497197 291.841858821652
-152.197103853269 181.987345497197 241.841858821651
-152.197103853269 231.987345497197 241.841858821651
-152.197103853269 231.987345497197 291.841858821652
-152.197103853269 181.987345497197 291.841858821652
